688
315
207
156
14
20
12
16
37
21
320
139
211
88
94
67
33
24
28
29
53
78
27
67
36
26
25
39
45
11
176
49
62
37
83
58
21
51
49
13
82
71
69
10
55
40
23
28
20
57
89
27
54
6
11
39
9
5
29
11
709
85
20
51
42
47
59
43
44
26
75
88
37
23
27
29
34
11
12
41
59
23
11
34
13
27
8
28
19
10
31
12
38
9
41
39
6
3
2
5
259
85
76
98
71
39
29
27
13
11
41
29
19
47
32
56
72
81
30
25
37
54
60
25
17
20
46
11
5
9 
35
60
31
35
20
11
9
29
14
15
66
25
28
14
20
22
9
7
2
15
37
21
30
33
38
27
29
14
8
19
12
14
15
17
9
8
6
2
1






